
"Thomas Cook
627 holidays found
E867
E808
E728
E1,004
E861
E898
E501
E697
£516
£100
OFF
£1,018
MyAccount
"bounds: (204,14),(717,14),(717,5668),(204,5668)
"Thomas"bounds: (323,14),(417,18),(416,45),(322,41)
"Cook"bounds: (425,21),(473,23),(472,50),(424,48)
"627"bounds: (221,98),(256,98),(256,115),(221,115)
"holidays"bounds: (263,98),(350,98),(350,119),(263,119)
"found"bounds: (355,98),(414,98),(414,115),(355,115)
"E867"bounds: (204,869),(287,865),(288,892),(205,896)
"E808"bounds: (225,1397),(295,1397),(295,1421),(225,1421)
"E728"bounds: (225,1928),(290,1928),(290,1951),(225,1951)
"E1,004"bounds: (225,2456),(319,2456),(319,2486),(225,2486)
"E861"bounds: (225,2966),(290,2967),(290,2990),(225,2989)
"E898"bounds: (225,3434),(295,3434),(295,3458),(225,3458)
"E501"bounds: (225,3962),(290,3961),(290,3988),(225,3989)
"E697"bounds: (225,4497),(290,4496),(290,4519),(225,4520)
"£516"bounds: (225,4986),(290,4986),(290,5009),(225,5009)
"£100"bounds: (411,5327),(477,5327),(477,5351),(411,5351)
"OFF"bounds: (415,5355),(466,5351),(468,5373),(417,5378)
"£1,018"bounds: (225,5517),(319,5517),(319,5547),(225,5547)
"MyAccount"bounds: (573,5619),(715,5631),(712,5668),(570,5656)